[MINIMUM WATER SHELL THICKNESS]
        5.000000e+00
[ENCLOSING SPHERE (X,Y,Z,R)]
       -1.144350e-01
        7.927549e-01
        1.645615e+00
        5.174237e+01
[NR OF GAUSSIANS]
15
[SURFACE LEVEL]
        2.500000e-01
[GAUSSIAN HEIGHTS]
        9.364441e-01
        1.023442e+00
        1.024963e+00
        9.709717e-01
        9.484525e-01
        1.018495e+00
        9.922223e-01
        1.016453e+00
        1.030099e+00
        9.864933e-01
        9.885410e-01
        1.017173e+00
        1.045616e+00
        1.034629e+00
        9.808077e-01
[GAUSSIAN CENTERS]
       -4.590821e+00         8.685896e+00         6.041739e+00
        2.642548e+01         1.358586e+01        -1.012753e+01
        3.745251e+01        -7.916462e+00         1.812508e+00
        9.885347e+00        -5.962627e+00        -2.054416e+01
        3.901177e+00        -8.157156e-01        -4.710524e+00
       -1.351812e+01        -1.963514e+01        -2.963473e+00
       -5.481857e+00         1.613731e+01        -1.349288e+01
        2.600395e+01         9.510187e-02         1.661308e+01
       -2.858967e+01        -4.969271e+00        -1.479082e+01
        5.901917e+00         2.370600e+01         1.392005e+01
       -7.211654e+00        -1.684475e+01         1.691434e+01
       -2.858193e+01         1.973983e+01         2.254476e+00
        1.470354e+01        -2.336676e+01         2.857021e+00
       -3.627370e+01        -3.800916e+00         1.176067e+01
       -9.900924e+00         7.738667e+00         2.229154e+01
[GAUSSIAN VARIANCES]
        3.473782e+02         1.881945e+02         1.254589e+02
        2.315440e+02         2.168068e+02         9.587738e+01
        2.444035e+02         2.022967e+02         9.648445e+01
        4.230396e+02         1.885955e+02         8.272754e+01
        3.402160e+02         1.408118e+02         1.586041e+02
        2.477899e+02         1.527710e+02         1.308954e+02
        2.975915e+02         2.223002e+02         8.761691e+01
        2.410433e+02         1.703680e+02         1.221221e+02
        2.162115e+02         1.621047e+02         1.320847e+02
        4.742450e+02         1.509097e+02         8.385273e+01
        3.776512e+02         1.626435e+02         9.649534e+01
        2.935343e+02         1.752913e+02         9.705400e+01
        1.835427e+02         1.784251e+02         1.292338e+02
        2.257661e+02         1.821291e+02         1.096622e+02
        4.608949e+02         1.487228e+02         9.063991e+01
[GAUSSIAN ORIENTATIONS]
       -9.806499e-01        -1.925776e-01         3.520882e-02
       -1.708144e-01         9.295591e-01         3.267143e-01
        9.564656e-02        -3.143782e-01         9.444671e-01
       -8.286666e-01        -3.265128e-01        -4.546439e-01
        2.296140e-01         5.424618e-01        -8.080920e-01
       -5.104793e-01         7.740314e-01         3.745480e-01
       -2.521866e-01        -4.862613e-01        -8.366312e-01
       -5.729682e-01        -6.216927e-01         5.340465e-01
        7.798137e-01        -6.140425e-01         1.218297e-01
       -9.812376e-01        -1.289759e-01        -1.433108e-01
       -1.823968e-01         8.618665e-01         4.731993e-01
       -6.248344e-02        -4.904603e-01         8.692206e-01
       -9.997398e-01         1.803914e-02         1.396211e-02
        1.469068e-02         9.773980e-01        -2.108966e-01
        1.745093e-02         2.106367e-01         9.774086e-01
       -9.708989e-01         1.295769e-01        -2.014080e-01
        2.319800e-01         2.998857e-01        -9.253399e-01
        5.950334e-02         9.451341e-01         3.212180e-01
       -7.846522e-01        -6.078669e-01         1.217321e-01
       -5.257407e-01         5.484206e-01        -6.502550e-01
       -3.285081e-01         5.742236e-01         7.498998e-01
       -6.436342e-01        -7.522633e-01        -1.408366e-01
       -7.314160e-01         5.504306e-01         4.025629e-01
        2.253125e-01        -3.621134e-01         9.044933e-01
       -8.701779e-01        -2.044269e-01        -4.483303e-01
        2.870023e-01        -9.498793e-01        -1.239313e-01
        4.005248e-01         2.365141e-01        -8.852350e-01
       -9.257582e-01         3.172153e-01         2.057819e-01
        3.479163e-01         5.014960e-01         7.921212e-01
       -1.480741e-01        -8.049076e-01         5.746284e-01
       -9.790785e-01         1.904416e-01        -7.167520e-02
        2.025853e-01         8.792364e-01        -4.311641e-01
        1.909213e-02         4.366639e-01         8.994221e-01
       -6.385442e-01        -4.560478e-01         6.199046e-01
       -6.744664e-01        -5.628852e-02        -7.361567e-01
       -3.706161e-01         8.881734e-01         2.716462e-01
       -9.145359e-01        -4.910995e-02        -4.015126e-01
       -3.561423e-01         5.684064e-01         7.416716e-01
       -1.917989e-01        -8.212809e-01         5.373182e-01
       -1.419361e-01         4.947356e-01         8.573744e-01
       -4.813018e-01        -7.913578e-01         3.769634e-01
       -8.649871e-01         3.591511e-01        -3.504393e-01
       -9.643025e-01         2.641579e-01         1.847284e-02
        2.597905e-01         9.302350e-01         2.591750e-01
       -5.127907e-02        -2.547222e-01         9.656537e-01
