[ENCLOSING SPHERE (X,Y,Z,R)]
       -1.144350e-01
        7.927549e-01
        1.645615e+00
        5.174237e+01
[NR OF GAUSSIANS]
15
[SURFACE LEVEL]
        2.500000e-01
[GAUSSIAN CENTERS]
       -4.590821e+00         8.685896e+00         6.041739e+00
        2.642548e+01         1.358586e+01        -1.012753e+01
        3.745251e+01        -7.916462e+00         1.812508e+00
        9.885347e+00        -5.962627e+00        -2.054416e+01
        3.901177e+00        -8.157156e-01        -4.710524e+00
       -1.351812e+01        -1.963514e+01        -2.963473e+00
       -5.481857e+00         1.613731e+01        -1.349288e+01
        2.600395e+01         9.510187e-02         1.661308e+01
       -2.858967e+01        -4.969271e+00        -1.479082e+01
        5.901917e+00         2.370600e+01         1.392005e+01
       -7.211654e+00        -1.684475e+01         1.691434e+01
       -2.858193e+01         1.973983e+01         2.254476e+00
        1.470354e+01        -2.336676e+01         2.857021e+00
       -3.627370e+01        -3.800916e+00         1.176067e+01
       -9.900924e+00         7.738667e+00         2.229154e+01
[GAUSSIAN VARIANCES]
        1.869750e+02         1.012950e+02         6.752778e+01
        1.246277e+02         1.166955e+02         5.160564e+01
        1.315493e+02         1.088855e+02         5.193239e+01
        2.276995e+02         1.015108e+02         4.452779e+01
        1.831200e+02         7.579145e+01         8.536808e+01
        1.333720e+02         8.222841e+01         7.045397e+01
        1.601775e+02         1.196522e+02         4.715947e+01
        1.297406e+02         9.169993e+01         6.573179e+01
        1.163751e+02         8.725225e+01         7.109410e+01
        2.552606e+02         8.122660e+01         4.513342e+01
        2.032694e+02         8.754226e+01         5.193826e+01
        1.579938e+02         9.434989e+01         5.223895e+01
        9.879117e+01         9.603662e+01         6.955961e+01
        1.215177e+02         9.803030e+01         5.902525e+01
        2.480749e+02         8.004949e+01         4.878659e+01
[GAUSSIAN ORIENTATIONS]
       -9.806499e-01        -1.925776e-01         3.520882e-02
       -1.708144e-01         9.295591e-01         3.267143e-01
        9.564656e-02        -3.143782e-01         9.444671e-01
       -8.286666e-01        -3.265128e-01        -4.546439e-01
        2.296140e-01         5.424618e-01        -8.080920e-01
       -5.104793e-01         7.740314e-01         3.745480e-01
       -2.521866e-01        -4.862613e-01        -8.366312e-01
       -5.729682e-01        -6.216927e-01         5.340465e-01
        7.798137e-01        -6.140425e-01         1.218297e-01
       -9.812376e-01        -1.289759e-01        -1.433108e-01
       -1.823968e-01         8.618665e-01         4.731993e-01
       -6.248344e-02        -4.904603e-01         8.692206e-01
       -9.997398e-01         1.803914e-02         1.396211e-02
        1.469068e-02         9.773980e-01        -2.108966e-01
        1.745093e-02         2.106367e-01         9.774086e-01
       -9.708989e-01         1.295769e-01        -2.014080e-01
        2.319800e-01         2.998857e-01        -9.253399e-01
        5.950334e-02         9.451341e-01         3.212180e-01
       -7.846522e-01        -6.078669e-01         1.217321e-01
       -5.257407e-01         5.484206e-01        -6.502550e-01
       -3.285081e-01         5.742236e-01         7.498998e-01
       -6.436342e-01        -7.522633e-01        -1.408366e-01
       -7.314160e-01         5.504306e-01         4.025629e-01
        2.253125e-01        -3.621134e-01         9.044933e-01
       -8.701779e-01        -2.044269e-01        -4.483303e-01
        2.870023e-01        -9.498793e-01        -1.239313e-01
        4.005248e-01         2.365141e-01        -8.852350e-01
       -9.257582e-01         3.172153e-01         2.057819e-01
        3.479163e-01         5.014960e-01         7.921212e-01
       -1.480741e-01        -8.049076e-01         5.746284e-01
       -9.790785e-01         1.904416e-01        -7.167520e-02
        2.025853e-01         8.792364e-01        -4.311641e-01
        1.909213e-02         4.366639e-01         8.994221e-01
       -6.385442e-01        -4.560478e-01         6.199046e-01
       -6.744664e-01        -5.628852e-02        -7.361567e-01
       -3.706161e-01         8.881734e-01         2.716462e-01
       -9.145359e-01        -4.910995e-02        -4.015126e-01
       -3.561423e-01         5.684064e-01         7.416716e-01
       -1.917989e-01        -8.212809e-01         5.373182e-01
       -1.419361e-01         4.947356e-01         8.573744e-01
       -4.813018e-01        -7.913578e-01         3.769634e-01
       -8.649871e-01         3.591511e-01        -3.504393e-01
       -9.643025e-01         2.641579e-01         1.847284e-02
        2.597905e-01         9.302350e-01         2.591750e-01
       -5.127907e-02        -2.547222e-01         9.656537e-01
