[ENCLOSING SPHERE (X,Y,Z,R)]
       -1.144350e-01
        7.927549e-01
        1.645615e+00
        5.174237e+01
[NR OF GAUSSIANS]
10
[SURFACE LEVEL]
        2.500000e-01
[GAUSSIAN CENTERS]
        2.991747e+00         2.481456e+01         1.163269e+01
       -3.045279e+01         1.403954e+01         9.949058e+00
       -5.059215e-01         8.455473e-01         1.979024e+00
        3.280087e+01        -5.143757e+00         1.152471e+01
        9.414494e+00        -1.279260e+01        -1.610093e+01
        2.390065e+01         1.261680e+01        -1.184660e+01
       -2.871957e+01        -1.322181e+01        -2.160878e+00
       -1.506331e+01         1.110372e+01        -1.724336e+01
       -6.360413e+00        -3.289622e-01         2.629000e+01
        4.742900e+00        -2.470206e+01         1.073314e+01
[GAUSSIAN VARIANCES]
        2.503261e+02         1.313611e+02         9.481047e+01
        1.863892e+02         1.494469e+02         1.075846e+02
        1.984448e+02         1.379021e+02         1.348246e+02
        1.662550e+02         1.590924e+02         1.036365e+02
        2.667700e+02         1.633526e+02         8.572658e+01
        2.076653e+02         1.646208e+02         8.979988e+01
        1.875704e+02         1.819050e+02         8.773079e+01
        2.333379e+02         1.832761e+02         8.340300e+01
        2.971249e+02         1.418634e+02         8.519937e+01
        2.112813e+02         1.484703e+02         9.402950e+01
[GAUSSIAN ORIENTATIONS]
        9.222400e-01        -3.393238e-01         1.852911e-01
       -3.225091e-01        -4.108970e-01         8.527318e-01
        2.132166e-01         8.461814e-01         4.883807e-01
        5.941272e-01        -2.087393e-01         7.768145e-01
        8.041944e-01         1.339057e-01        -5.790860e-01
       -1.685811e-02        -9.687606e-01        -2.474240e-01
        9.497733e-01         2.139091e-01        -2.284152e-01
        1.504344e-01        -9.521246e-01        -2.661358e-01
        2.744086e-01        -2.184072e-01         9.364818e-01
        5.070097e-01         2.603782e-01        -8.216717e-01
        5.349403e-02         9.419383e-01         3.314976e-01
       -8.602787e-01         2.120270e-01        -4.636432e-01
        9.782004e-01        -9.710470e-02        -1.835608e-01
        4.336843e-02        -7.689188e-01         6.378739e-01
        2.030839e-01         6.319293e-01         7.479454e-01
        8.568612e-01        -1.345945e-01        -4.976678e-01
       -4.948804e-01        -4.853117e-01        -7.208092e-01
        1.445071e-01        -8.639195e-01         4.824529e-01
        5.638344e-01         5.462217e-01        -6.194615e-01
       -5.352921e-01        -3.294863e-01        -7.777539e-01
        6.289301e-01        -7.701173e-01        -1.066124e-01
        9.360851e-01         2.423703e-01         2.549534e-01
        3.457258e-01        -7.676840e-01        -5.395692e-01
       -6.494806e-02        -5.932267e-01         8.024112e-01
        9.951593e-01         6.312126e-02        -7.532382e-02
        6.011664e-02        -9.973277e-01        -4.151340e-02
        7.774291e-02        -3.678423e-02         9.962946e-01
        9.982983e-01         2.088811e-02        -5.444448e-02
       -3.890619e-02        -4.568844e-01        -8.886748e-01
        4.343758e-02        -8.892808e-01         4.552942e-01
